        [4782.88, 4786.44, 4773.45, 4758.86, 4753.92, 4724.29, 4764.73, 4743.72, 4725.58, 4714.23, 4721.04, 4646.20,
          4618.30, 4593.39, 4576.20, 4568.84, 4586.23, 4557.25, 4564.37, 4559.43, 4554.87, 4571.84, 4545.55, 4554.86,
          4555.84, 4553.04, 4538.77, 4511.70, 4509.55, 4497.08, 4505.30, 4458.97, 4406.66, 4364.15, 4391.41, 4384.37,
          4366.21, 4364.27, 4334.23, 4268.26, 4201.27, 4171.33, 4139.39, 4152.93, 4175.99, 4232.42, 4235.79, 4210.40,
          4273.85, 4321.36, 4357.35, 4345.23, 4342.37, 4360.49, 4380.94, 4366.59, 4339.75, 4289.02, 4234.79, 4259.31,
          4233.83, 4269.75, 4284.52, 4328.18, 4269.65, 4282.63, 4312.88, 4310.62, 4341.74, 4374.36, 4452.81, 4445.41,
          4445.13, 4497.98, 4487.78, 4462.65, 4473.27, 4480.98, 4451.30, 4434.55, 4490.35, 4510.06, 4530.85, 4517.01,
          4500.34, 4432.75, 4426.03, 4389.38, 4455.16, 4396.44, 4415.33, 4380.28, 4344.88, 4416.32, 4433.79, 4478.87,
          4458.13, 4450.69, 4487.16, 4501.57, 4498.03, 4491.58, 4513.96, 4494.27, 4550.93, 4578.83, 4584.82, 4565.75,
          4598.26, 4558.96, 4555.19, 4543.39, 4550.16, 4554.38, 4563.87, 4521.78, 4508.86, 4514.61, 4491.50, 4467.69,
          4415.55, 4394.23, 4404.54, 4422.62, 4442.04, 4449.45, 4422.44, 4374.94, 4367.48, 4337.36, 4344.84, 4354.17,
          4355.40, 4380.01, 4396.11, 4442.70, 4365.33, 4366.29, 4352.61, 4308.32, 4304.88, 4268.69, 4285.47, 4271.34,
          4282.99, 4241.01, 4183.03, 4190.74, 4226.71, 4155.98, 4155.71, 4132.96, 4176.80, 4190.78, 4204.15, 4157.68,
          4122.85, 4127.95, 4126.65, 4138.54, 4132.24, 4143.74, 4124.25, 4136.98, 4084.73, 4082.55, 4122.25, 4164.10,
          4166.79, 4129.63, 4075.29, 4087.78, 4126.43, 4132.07, 4132.14, 4130.48, 4139.33, 4164.26, 4137.17, 4140.11,
          4100.04, 4121.72, 4110.29, 4085.20, 4081.58, 4094.50, 4128.03, 4102.20, 4056.18, 4046.74, 3999.53, 3974.13,
          3982.93, 3939.21, 3959.21, 4002.04, 3975.89, 3917.47, 3958.69, 3878.93, 3876.74, 3894.01, 3835.12, 3912.77,
          3998.66, 3987.55, 4048.26, 4055.15, 3998.02, 3938.68, 3963.34, 3977.19, 3992.36, 3973.24, 4018.60, 4001.83,
          4052.35, 4077.73, 4114.75, 4119.50, 4126.70, 4096.62, 4068.92, 4144.25, 4153.47, 4105.35, 4119.57, 4136.69,
          4158.68, 4070.07, 4020.85, 4049.27, 4053.72, 4036.08, 3982.71, 4001.74, 3978.14, 3909.04, 3911.84, 4002.25,
          3999.28, 3960.32, 3977.57, 3932.35, 3888.57, 3910.82, 3823.37, 3839.74, 3840.36, 3853.29, 3828.85, 3805.45,
          3829.56, 3843.34, 3813.11, 3853.26, 3839.49, 3810.47, 3853.79, 3890.91, 3958.37, 4015.54, 4069.38, 3939.29,
          3954.17, 3947.79, 3933.28, 3996.63, 4052.02, 4040.17, 4087.14, 3957.18, 3964.19, 4005.36, 4023.34, 4001.02,
          3965.51, 3956.23, 3966.39, 3919.26, 3976.82, 4006.41, 3977.97, 3963.72, 3859.89, 3810.94, 3817.02, 3780.71,
          3766.98, 3733.25, 3852.90, 3901.79, 3881.85, 3808.26, 3834.69, 3825.97, 3799.44, 3762.01, 3657.10, 3689.05,
          3703.11, 3746.26, 3638.65, 3690.41, 3520.37, 3590.83, 3595.86, 3647.51, 3706.74, 3771.97, 3753.25, 3726.46,
          3609.78, 3633.48, 3687.01, 3651.94, 3686.44, 3682.72, 3727.14, 3782.36, 3871.40, 3875.23, 3849.91, 3880.95,
          3932.41, 3940.73, 4037.12, 4083.67, 4022.94, 3959.94, 3909.43, 3930.89, 3996.39, 3936.73, 4000.67, 4041.25,
          4034.58, 4198.74, 4153.26, 4126.55, 4133.09, 4195.08, 4266.31, 4273.13, 4280.40, 4290.46, 4269.37, 4225.02,
          4227.40, 4181.02, 4133.11, 4155.93, 4115.87, 4154.85, 4107.96, 4104.21, 4112.38, 4087.33, 4026.13, 3951.43,
          3953.22, 3965.72, 3998.43, 3955.47, 3935.32, 3860.73, 3883.79, 3818.00, 3763.99, 3779.67, 3851.95, 3880.94,
          3888.26, 3858.85, 3831.98, 3792.61, 3781.08, 3785.99, 3825.09, 3913.00, 3920.76, 3821.75, 3774.71, 3733.89,
          3715.31, 3665.90, 3728.18, 3764.05, 3763.52, 3838.15, 3974.39, 4101.65, 4147.12, 4096.47, 4134.72, 4137.57,
          4095.41, 4149.78, 4151.09, 4077.25, 3984.60, 3929.59, 3942.94, 3919.42, 3927.76, 3899.00, 4051.98, 4052.00,
          4013.02, 3963.90, 3903.95, 3990.08, 4035.18, 4081.27, 4128.17, 4270.43, 4181.18, 4159.78, 4130.61, 4253.75,
          4222.58, 4186.52, 4278.14, 4255.34, 4385.83, 4489.17, 4472.26, 4390.63, 4385.63, 4449.12, 4394.30, 4437.59,
          4462.64, 4494.15, 4474.65, 4494.17, 4572.45, 4547.97, 4540.32, 4599.02, 4624.20, 4602.86, 4541.09, 4522.91,
          4469.98, 4493.10, 4469.10, 4462.40, 4407.34, 4345.11, 4288.14, 4188.82, 4202.75, 4279.50, 4252.55, 4223.10,
          4202.66, 4327.01, 4342.12, 4401.31, 4322.56, 4363.14, 4354.17, 4298.38, 4155.77, 4324.93, 4332.74, 4384.57,
          4456.06, 4455.75, 4429.28, 4412.61, 4506.27, 4553.24, 4547.00, 4480.02, 4505.75, 4482.79, 4535.41, 4566.39,
          4519.57, 4431.79, 4336.19, 4380.58, 4408.43, 4366.64, 4356.32, 4471.38, 4547.35, 4588.03, 4632.24, 4637.99,
          4733.56, 4728.59, 4669.14, 4655.34, 4697.66, 4693.39, 4787.99, 4804.51, 4778.14, 4775.21, 4794.23, 4788.64,
          4795.49, 4733.99, 4703.96, 4650.36, 4594.96, 4587.90, 4652.50, 4719.13, 4636.46, 4642.99, 4710.30, 4687.64,
          4691.00, 4690.86, 4631.97, 4548.37, 4589.49, 4504.73, 4602.82, 4640.25, 4628.75, 4664.63, 4675.78, 4678.48,
          4712.00, 4708.44, 4700.72, 4701.50, 4679.42, 4689.30, 4655.24, 4659.39, 4670.26, 4707.25, 4701.48, 4699.26,
          4662.93, 4630.65, 4613.34, 4610.62, 4572.87, 4562.84, 4580.22, 4578.69, 4553.69, 4546.12, 4532.24, 4524.42,
          4497.34, 4463.72, 4447.69, 4386.75, 4358.01, 4368.31, 4385.44, 4406.51, 4383.73, 4319.57, 4309.87, 4348.84,
          4317.16, 4370.67, 4362.41, 4419.54, 4442.12, 4438.04, 4406.75, 4367.43, 4374.45, 4402.95, 4469.74, 4477.09,
          4447.49, 4479.33, 4474.81, 4506.92, 4513.02, 4518.09, 4535.38, 4532.42, 4534.48, 4528.80, 4529.75, 4513.76,
          4474.10, 4493.75, 4490.45, 4484.40, 4450.29, 4410.56, 4382.44, 4440.94, 4462.12, 4461.65, 4464.84, 4446.08,
          4442.18, 4435.79, 4437.77, 4429.07, 4408.86, 4415.95, 4392.74, 4406.86, 4395.12, 4403.59, 4402.95, 4416.38,
          4409.58, 4381.20, 4361.27, 4331.13, 4265.11, 4296.40, 4367.43, 4369.02, 4380.11, 4381.07, 4372.41, 4329.38,
          4321.07, 4351.01, 4356.46, 4326.60, 4300.73, 4290.65, 4293.21, 4284.90, 4274.45, 4256.97, 4249.27, 4224.61,
          4173.40, 4204.78, 4220.37, 4248.87, 4255.28, 4248.31, 4242.90, 4228.56, 4232.99, 4233.81, 4229.34, 4206.05,
          4191.43, 4206.82, 4216.52, 4210.77, 4201.94, 4191.59, 4205.94, 4170.16, 4168.61, 4121.97, 4098.45, 4165.94,
          4169.92, 4129.58, 4074.99, 4130.55, 4150.34, 4228.29, 4210.34, 4169.14, 4177.06, 4179.04, 4191.98, 4198.10,
          4206.14, 4185.14, 4188.25, 4185.03, 4138.78, 4170.46, 4128.42, 4159.18, 4179.80, 4174.14, 4139.76, 4141.58,
          4130.10, 4124.71, 4096.11, 4089.95, 4074.29, 4075.57, 4034.44, 3992.78, 3967.25, 3963.34, 3969.31, 3917.12,
          3879.34, 3919.93, 3937.60, 3916.48, 3913.14, 3953.50, 3949.57, 3973.59, 3942.96, 3924.52, 3915.54, 3891.99,
          3851.93, 3844.39, 3793.58, 3818.53, 3863.99, 3903.64, 3842.51, 3839.66, 3915.80, 3873.71, 3857.07, 3885.55,
          3921.16, 3915.86, 3918.50, 3939.61, 3911.65, 3916.40, 3920.78, 3910.49, 3892.59, 3878.30, 3836.66, 3840.27,
          3791.84, 3731.17, 3778.05, 3755.75, 3836.83, 3862.96, 3851.68, 3844.24, 3857.46, 3816.22, 3781.88, 3788.73,
          3814.98, 3802.23, 3801.62, 3803.14, 3815.05, 3764.71, 3712.20, 3698.02, 3764.61, 3733.27, 3736.19, 3750.01,
          3723.03, 3694.03, 3693.42, 3698.08, 3684.28, 3722.39, 3713.65, 3696.25, 3666.41, 3675.27, 3656.08, 3659.13,
          3705.98, 3683.05, 3694.73, 3670.94, 3668.28, 3653.78, 3645.87, 3634.18, 3638.55, 3635.50, 3594.52, 3566.82,
          3579.31, 3559.41, 3612.09, 3610.31, 3600.16, 3552.57, 3562.67, 3563.22, 3543.26, 3583.04, 3508.34, 3485.74,
          3406.46, 3336.25, 3296.20, 3293.59, 3277.17, 3342.48, 3403.15, 3441.42, 3464.90, 3438.50, 3439.91, 3439.38,
          3493.66, 3493.50, 3453.72, 3515.47, 3534.01, 3500.02, 3459.67, 3434.28, 3384.56, 3408.74, 3367.27, 3338.94,
          3385.87, 3341.21, 3350.92, 3333.90, 3236.66, 3226.14, 3320.11, 3295.75, 3285.57, 3357.38, 3346.86, 3411.23,
          3407.73, 3363.56, 3352.70, 3412.56, 3369.82, 3371.88, 3453.60, 3564.74, 3543.76, 3507.44, 3509.73, 3494.69,
          3485.14, 3449.97, 3435.95, 3418.09, 3386.01, 3360.48, 3392.51, 3387.04, 3380.86, 3368.66, 3372.95, 3355.46,
          3370.34, 3356.04, 3340.05, 3323.17, 3317.37, 3289.92, 3288.26, 3270.45, 3231.76, 3227.22, 3234.27, 3219.84,
          3218.58, 3271.64, 3254.86, 3268.52, 3224.29, 3224.21, 3208.36, 3225.98, 3141.11, 3205.08, 3152.47, 3176.17,
          3153.07, 3166.44, 3155.29, 3143.64, 3105.92, 3050.20, 3018.59, 3073.20, 3046.60, 3114.40, 3138.70, 3094.42,
          3140.29, 3101.64, 3136.13, 3131.00, 2993.76, 3071.04, 3123.53, 3213.42, 3213.32, 3199.92, 3163.84, 3111.56,
          3098.90, 3064.78, 3038.78, 3025.17, 3046.61, 3015.65, 3004.08, 2948.05, 2969.95, 2953.63, 2948.59, 2913.86,
          2829.95, 2794.54, 2865.86, 2939.50, 2915.46, 2908.83, 2878.26, 2883.14, 2868.88, 2815.01, 2869.09, 2930.91,
          2918.46, 2909.96, 2854.65, 2812.64, 2810.42, 2787.89, 2784.81, 2845.62, 2842.43, 2799.34, 2795.64, 2805.10,
          2782.46, 2776.99, 2685.00, 2738.65, 2578.28, 2514.92, 2458.54, 2498.08, 2614.69, 2558.98, 2555.87, 2501.29,
          2457.77, 2344.44, 2290.71, 2431.94, 2393.48, 2436.50, 2425.66, 2508.59, 2569.99, 2630.86, 2825.60, 2813.48,
          2863.89, 2954.20, 3075.70, 3045.75, 3096.46, 2974.28, 2916.90, 3062.54, 3139.90, 3238.94, 3257.61, 3360.50,
          3380.45, 3380.39, 3369.04, 3378.08, 3365.90, 3370.50, 3365.87, 3318.28, 3335.54, 3344.92, 3324.91, 3280.61,
          3235.66, 3282.33, 3256.45, 3289.46, 3255.35, 3247.16, 3333.10, 3315.77, 3330.02, 3321.03, 3323.66, 3302.97,
          3282.27, 3285.35, 3271.13, 3281.81, 3266.03, 3238.59, 3241.86, 3217.55, 3226.36, 3244.67, 3215.18, 3240.09,
          3247.23, 3227.20, 3225.45, 3226.05, 3223.33, 3192.32, 3195.21, 3195.40, 3183.63, 3166.65, 3141.23, 3135.75,
          3135.36, 3141.86, 3134.62, 3119.21, 3103.50, 3087.41, 3143.85, 3147.18, 3145.49, 3134.85, 3117.44, 3111.41,
          3108.49, 3114.66, 3127.45, 3117.91, 3107.92, 3090.75, 3084.18, 3089.28, 3080.33, 3081.25, 3087.02, 3075.10,
          3080.80, 3078.96, 3050.72, 3046.90, 3039.74, 3035.39, 3032.12, 3003.32, 3014.78, 2994.01, 3010.73, 2996.48,
          2996.84, 3000.77, 2989.68, 2973.61, 2965.81, 2963.07, 2918.55, 2911.10, 2920.40, 2944.23, 2918.56, 2885.38,
          2924.78, 2983.69, 2967.07, 2985.47, 2985.73, 2968.35, 3002.43, 2983.50, 3008.42, 3010.36, 3001.50, 2995.67,
          2996.41, 3012.21, 3009.08, 2981.41, 2971.01, 2988.43, 2980.33, 2960.60, 2924.67, 2909.01, 2937.09, 2910.37,
          2861.28, 2893.14, 2866.70, 2911.07, 2930.94, 2922.04, 2919.01, 2913.48, 2864.74, 2846.20, 2894.15, 2880.72,
          2907.07, 2930.51, 2896.21, 2858.65, 2861.18, 2898.07, 2943.90, 2980.32, 3016.22, 3007.66, 3024.47, 3013.25,
          3016.26, 2998.77, 2994.74, 2981.93, 3004.26, 2978.87, 3005.10, 3012.13, 3017.80, 3003.36, 2999.62, 2989.30,
          2965.52, 2979.77, 2984.25, 2978.08, 2964.66, 2971.41, 2932.94, 2919.66, 2926.07, 2945.78, 2951.42, 2952.71,
          2949.60, 2920.55, 2906.71, 2889.75, 2886.82, 2886.24, 2882.73, 2903.27, 2885.83, 2852.87, 2828.51, 2818.09,
          2762.64, 2751.53, 2766.15, 2786.94, 2790.25, 2830.03, 2832.41, 2836.70, 2856.06, 2854.02, 2841.94, 2858.60,
          2855.80, 2820.38, 2820.12, 2840.19, 2863.10, 2859.84, 2879.61, 2913.03, 2908.89, 2929.21, 2922.16, 2952.33,
          2937.14, 2940.58, 2925.81, 2928.99, 2934.00, 2909.99, 2898.78, 2904.81, 2916.04, 2912.26, 2908.32, 2900.86,
          2891.92, 2881.37, 2886.58, 2888.46, 2884.16, 2873.99, 2876.09, 2868.24, 2848.63, 2828.27, 2809.40, 2819.72,
          2812.66, 2796.01, 2844.52, 2819.72, 2831.34, 2840.76, 2822.61, 2810.79, 2810.38, 2799.78, 2787.34, 2747.61,
          2730.79, 2766.53, 2790.27, 2794.41, 2814.37, 2798.22, 2788.11, 2787.50, 2792.36, 2804.35, 2780.67, 2780.24,
          2779.05, 2769.28, 2760.24, 2743.50, 2750.30, 2722.61, 2712.40, 2692.36, 2717.53, 2735.05, 2728.34, 2706.49,
          2702.32, 2685.49, 2653.62, 2644.89, 2644.97, 2657.44, 2638.84, 2643.48, 2657.88, 2651.27, 2609.28, 2614.75,
          2585.10, 2580.31, 2588.11, 2573.51, 2580.00, 2568.11, 2535.61, 2474.33, 2491.92, 2476.96, 2498.94, 2498.77,
          2442.50, 2363.12, 2400.56, 2465.38, 2496.77, 2547.05, 2559.90, 2590.75, 2629.68, 2658.70, 2658.23, 2664.44,
          2630.86, 2691.26, 2663.51, 2782.43, 2790.50, 2737.76, 2736.97, 2691.45, 2663.75, 2649.97, 2633.36, 2657.74,
          2654.60, 2730.74, 2718.54, 2693.52, 2737.90, 2730.05, 2773.93, 2794.10, 2806.38, 2774.13, 2738.40, 2726.37,
          2745.45, 2717.58, 2705.60, 2640.68, 2682.65, 2667.86, 2674.88, 2737.87, 2721.03, 2773.94, 2775.66, 2802.00,
          2811.67, 2767.05, 2763.83, 2770.54, 2776.87, 2873.90, 2882.51, 2877.53, 2902.54, 2919.35, 2931.69, 2923.80,
          2926.29, 2910.03, 2911.65, 2916.98, 2921.75, 2921.83, 2936.76, 2919.73, 2906.60, 2890.74, 2903.83, 2906.38,
          2896.85, 2888.29, 2871.57, 2881.39, 2868.26, 2888.64, 2891.59, 2896.96, 2898.37, 2908.94, 2900.62, 2901.45,
          2884.69, 2862.35, 2860.29, 2860.99, 2861.51, 2853.93, 2838.32, 2831.44, 2827.95, 2827.88, 2835.46, 2839.64,
          2857.19, 2856.79, 2855.92, 2840.29, 2829.62, 2800.48, 2821.17, 2809.73, 2819.00, 2842.35, 2835.49, 2817.73,
          2820.68, 2799.17, 2804.55, 2809.37, 2811.35, 2789.34, 2801.43, 2796.93, 2783.14, 2779.82, 2788.56, 2768.51,
          2737.68, 2724.19, 2733.27, 2704.95, 2727.13, 2698.69, 2728.45, 2722.12, 2742.94, 2760.79, 2769.28, 2769.73,
          2752.01, 2765.79, 2777.78, 2783.21, 2787.94, 2785.60, 2780.18, 2765.84, 2774.84, 2753.25, 2748.46, 2741.67,
          2718.70, 2720.98, 2702.43, 2705.11, 2723.60, 2730.94, 2713.98, 2738.34, 2725.95, 2717.35, 2719.71, 2712.62,
          2718.59, 2733.37, 2722.70, 2705.02, 2678.12, 2670.26, 2669.36, 2621.45, 2628.08, 2654.24, 2643.64, 2675.05,
          2675.47, 2651.65, 2634.92, 2680.80, 2675.40, 2692.56, 2701.16, 2710.11, 2692.74, 2670.10, 2676.90, 2653.83,
          2643.89, 2638.41, 2617.18, 2645.82, 2657.36, 2584.04, 2592.17, 2633.45, 2614.41, 2611.30, 2667.57, 2619.35,
          2646.71, 2691.36, 2714.99, 2715.05, 2741.38, 2750.57, 2754.27, 2774.06, 2792.31, 2790.54, 2752.91, 2732.75,
          2710.18, 2730.18, 2681.06, 2658.89, 2715.22, 2753.78, 2780.45, 2757.37, 2715.80, 2710.42, 2720.53, 2726.01,
          2727.14, 2713.46, 2651.21, 2646.27, 2636.75, 2601.78, 2685.01, 2690.95, 2614.78, 2741.06, 2808.92, 2816.45,
          2832.41, 2832.74, 2867.23, 2847.48, 2846.24, 2845.42, 2835.05, 2809.16, 2802.60, 2802.40, 2784.99, 2798.96,
          2770.18, 2752.97, 2745.55, 2751.15, 2742.67, 2731.33, 2719.31, 2697.85, 2683.73, 2689.15, 2686.10, 2682.10,
          2679.09, 2684.22, 2683.02, 2688.18, 2692.71, 2685.92, 2660.63, 2665.87, 2667.59, 2661.73, 2652.19, 2646.21,
          2628.38, 2626.24, 2639.78, 2657.19, 2645.10, 2633.93, 2627.82, 2605.94, 2602.66, 2600.42, 2600.31, 2589.17,
          2579.49, 2582.94, 2572.95, 2569.45, 2577.75, 2576.53, 2580.18, 2584.00, 2588.71, 2592.11, 2587.47, 2581.93,
          2579.46, 2583.21, 2575.99, 2577.75, 2570.26, 2560.08, 2566.52, 2568.66, 2578.08, 2567.56, 2553.39, 2562.87,
          2557.17, 2555.57, 2555.66, 2552.88, 2550.62, 2549.99, 2551.39, 2547.44, 2540.86, 2533.48, 2530.34, 2521.20,
          2509.96, 2503.41, 2503.30, 2501.04, 2499.39, 2497.26, 2507.16, 2506.84, 2506.29, 2502.51, 2495.67, 2494.56,
          2493.89, 2491.94, 2474.52, 2462.25, 2468.06, 2463.83, 2470.35, 2474.42, 2462.65, 2446.06, 2431.94, 2447.35,
          2444.72, 2447.91, 2444.88, 2433.75, 2425.50, 2427.64, 2462.95, 2468.63, 2468.66, 2454.96, 2441.04, 2465.38,
          2465.35, 2478.35, 2477.14, 2476.88, 2476.03, 2480.38, 2477.10, 2475.94, 2469.12, 2482.76, 2479.97, 2477.88,
          2472.04, 2467.40, 2475.56, 2463.85, 2455.88, 2459.50, 2449.16, 2444.99, 2435.75, 2427.35, 2424.51, 2413.52,
          2423.44, 2430.78, 2431.39, 2429.20, 2442.38, 2428.70, 2436.34, 2443.32, 2434.65, 2437.40, 2439.31, 2450.66,
          2442.55, 2431.24, 2424.14, 2443.75, 2434.15, 2425.88, 2436.39, 2434.27, 2432.03, 2431.92, 2437.83, 2431.28,
          2415.65, 2415.63, 2411.67, 2414.50, 2409.54, 2401.41, 2397.04, 2387.21, 2371.37, 2354.69, 2382.95, 2404.55,
          2393.98, 2392.44, 2394.84, 2396.79, 2401.58, 2399.94, 2392.37, 2389.79, 2386.50, 2391.05, 2388.50, 2393.68,
          2389.70, 2388.98, 2381.51, 2370.33, 2354.74, 2342.69, 2346.79, 2342.53, 2332.62, 2341.98, 2352.15, 2353.92,
          2357.16, 2356.59, 2353.79, 2366.59, 2354.76, 2362.34, 2364.82, 2361.31, 2356.54, 2339.79, 2329.11, 2350.42,
          2345.97, 2343.00, 2379.32, 2378.24, 2383.71, 2387.71, 2370.34, 2368.55, 2371.56, 2372.52, 2363.49, 2369.81,
          2370.74, 2375.23, 2380.92, 2394.75, 2380.13, 2366.08, 2365.23, 2355.73, 2367.50, 2361.11, 2354.91, 2343.01,
          2349.64, 2335.58, 2326.12, 2321.72, 2312.27, 2296.70, 2289.55, 2295.87, 2294.28, 2288.54, 2276.69, 2285.59,
          2274.02, 2286.01, 2299.02, 2298.63, 2288.88, 2267.88, 2267.78, 2269.96, 2271.90, 2269.14, 2269.14, 2272.74,
          2271.14, 2268.60, 2269.72, 2273.59, 2271.14, 2268.18, 2261.60, 2251.57, 2251.61, 2249.50, 2270.23, 2266.23,
          2260.25, 2262.93, 2270.54, 2266.50, 2259.24, 2266.81, 2253.77, 2268.35, 2263.32, 2258.83, 2249.73, 2241.13,
          2210.72, 2207.26, 2200.65, 2191.12, 2200.17, 2204.97, 2200.76, 2210.21, 2206.27, 2198.55, 2201.56, 2186.43,
          2186.85, 2178.61, 2177.53, 2168.29, 2165.64, 2162.71, 2167.49, 2131.56, 2129.92, 2100.59, 2083.79, 2098.80,
          2109.43, 2128.68, 2129.78, 2132.23, 2144.06, 2136.97, 2149.72, 2148.50, 2139.43, 2142.51, 2140.81, 2138.31,
          2132.95, 2139.68, 2130.26, 2137.67, 2161.35, 2160.39, 2164.19, 2158.22, 2155.15, 2163.37, 2164.33, 2156.51,
          2168.90, 2161.85, 2146.04, 2158.54, 2173.29, 2170.94, 2144.58, 2145.94, 2143.99, 2146.48, 2125.36, 2127.86,
          2150.47, 2120.86, 2169.08, 2182.76, 2185.17, 2181.61, 2177.49, 2171.33, 2173.56, 2179.45, 2170.19, 2175.10,
          2173.29, 2185.09, 2187.81, 2181.58, 2184.24, 2181.90, 2177.84, 2186.24, 2186.08, 2183.74, 2177.97, 2182.81,
          2182.24, 2183.76, 2168.79, 2163.51, 2156.81, 2169.94, 2173.15, 2168.83, 2166.05, 2169.81, 2168.97, 2173.71,
          2166.47, 2172.91, 2166.10, 2163.79, 2162.04, 2165.13, 2157.88, 2153.81, 2139.50, 2131.72, 2106.97, 2100.42,
          2084.43, 2095.05, 2099.34, 2073.17, 2042.69, 2006.67, 2031.45, 2103.81, 2092.80, 2089.75, 2085.19, 2075.58,
          2078.20, 2066.36, 2077.60, 2076.65, 2091.75, 2109.57, 2115.65, 2112.71, 2110.18, 2100.83, 2104.07, 2097.71,
          2093.94, 2100.13, 2090.06, 2091.44, 2078.93, 2052.65, 2052.23, 2041.88, 2044.21, 2044.38, 2065.04, 2046.53,
          2062.50, 2067.17, 2083.29, 2062.63, 2057.55, 2047.77, 2052.95, 2060.30, 2077.18, 2067.17, 2071.82, 2090.93,
          2092.33, 2089.84, 2089.37, 2091.49, 2102.09, 2101.52, 2096.05, 2078.83, 2083.10, 2082.89, 2065.92, 2043.72,
          2050.23, 2045.54, 2063.01, 2045.56, 2062.50, 2073.19, 2056.62, 2063.77, 2058.27, 2035.75, 2037.89, 2032.48,
          2048.55, 2048.64, 2047.88, 2041.16, 2026.90, 2014.24, 2015.27, 2019.27, 1994.71, 1990.97, 1981.44, 1996.88,
          1996.11, 1994.01, 1985.60, 1976.60, 1937.09, 1947.13, 1954.95, 1931.87, 1917.56, 1942.38, 1924.44, 1916.74,
          1927.57, 1898.80, 1871.44, 1833.40, 1847.00, 1857.10, 1848.46, 1873.25, 1913.07, 1911.67, 1907.07, 1935.26,
          1936.94, 1894.00, 1885.22, 1902.52, 1878.79, 1906.28, 1877.40, 1861.46, 1876.18, 1888.66, 1916.68, 1891.68,
          1940.34, 1927.83, 1926.12, 1945.97, 1985.32, 2011.71, 2013.78, 2038.20, 2060.59, 2077.34, 2060.54, 2057.77,
          2063.52, 2042.20, 2023.15, 2010.27, 2040.81, 2073.76, 2046.50, 2025.55, 2013.37, 2047.27, 2047.93, 2061.17,
          2073.39, 2090.42, 2051.24, 2080.71, 2101.71, 2082.93, 2090.95, 2088.82, 2089.30, 2084.42, 2089.41, 2082.82,
          2083.70, 2051.99, 2053.67, 2022.08, 2044.64, 2072.29, 2083.41, 2077.19, 2096.56, 2098.60, 2101.68, 2110.60,
          2102.63, 2080.76, 2090.00, 2088.35, 2066.48, 2068.75, 2075.08, 2058.19, 2021.88, 2033.47, 2033.13, 2031.73,
          2024.37, 1996.47, 2003.66, 2015.00, 2015.65, 2013.73, 1994.01, 1982.34, 1986.63, 1954.33, 1921.77, 1919.65,
          1887.14, 1881.90, 1929.18, 1935.93, 1934.81, 1943.24, 1961.39, 1960.84, 1989.66, 1995.33, 1978.02, 1955.10,
          1963.06, 1951.45, 1941.59, 1971.45, 1927.30, 1947.76, 1950.79, 1916.52, 1970.09, 1986.73, 1986.06, 1942.77,
          1872.75, 1898.08, 1965.15, 2034.08, 2076.61, 2095.69, 2101.99, 2089.70, 2083.15, 2086.19, 2081.10, 2102.66,
          2080.98, 2082.61, 2100.75, 2095.27, 2097.68, 2104.49, 2111.60, 2106.78, 2094.70, 2070.75, 2078.19, 2102.24,
          2114.16, 2118.21, 2127.55, 2126.85, 2126.80, 2110.55, 2109.01, 2099.72, 2080.03, 2052.74, 2049.73, 2077.66,
          2069.52, 2073.95, 2078.03, 2067.00, 2061.19, 2098.63, 2102.62, 2109.96, 2123.65, 2123.16, 2112.50, 2121.06,
          2101.58, 2097.40, 2084.26, 2091.34, 2107.43, 2106.24, 2081.12, 2079.07, 2092.34, 2095.09, 2112.35, 2110.64,
          2110.41, 2108.64, 2120.66, 2122.27, 2105.13, 2125.34, 2130.36, 2125.55, 2127.79, 2129.45, 2121.30, 2122.07,
          2100.43, 2099.62, 2102.87, 2115.56, 2092.13, 2079.96, 2091.26, 2112.63, 2110.23, 2087.38, 2105.52, 2112.49,
          2108.35, 2119.29, 2112.80, 2107.21, 2098.27, 2102.82, 2084.11, 2102.58, 2105.96, 2097.82, 2092.28, 2102.03,
          2091.51, 2081.29, 2076.94, 2080.79, 2064.87, 2060.03, 2067.63, 2084.05, 2064.11, 2055.78, 2059.94, 2093.10,
          2103.94, 2107.99, 2090.32, 2098.69, 2072.84, 2080.59, 2055.35, 2064.56, 2041.10, 2044.69, 2076.14, 2072.25,
          2100.91, 2098.54, 2107.72, 2115.76, 2105.23, 2110.88, 2113.91, 2115.30, 2109.10, 2109.83, 2097.65, 2099.25,
          2099.16, 2096.47, 2088.78, 2069.98, 2068.55, 2049.38, 2053.47, 2062.28, 2043.45, 2048.86, 2022.71, 1996.67,
          2019.35, 2002.45, 2032.34, 2047.86, 2050.42, 2062.98, 2034.30, 2020.19, 2020.76, 1992.25, 2013.75, 2018.40,
          2031.58, 2046.13, 2063.45, 2030.61, 2005.55, 2022.15, 2054.44, 2058.90, 2082.11, 2088.49, 2087.63, 2084.30,
          2083.25, 2081.48, 2069.28, 2061.04, 2018.98, 1973.77, 1986.71, 2005.03, 2030.36, 2027.92, 2058.86, 2056.55,
          2074.84, 2072.78, 2073.64, 2067.45, 2053.77, 2065.78, 2074.78, 2067.36, 2070.15, 2065.07, 2057.46, 2045.87,
          2051.16, 2041.48, 2038.29, 2039.74, 2039.21, 2037.75, 2038.20, 2032.01, 2032.36, 2023.33, 2015.29, 2015.81,
          2018.21, 2001.20, 1979.49, 1983.29, 1964.14, 1962.97, 1951.59, 1931.02, 1941.29, 1909.38, 1885.62, 1864.91,
          1855.95, 1874.18, 1877.11, 1905.65, 1925.63, 1967.68, 1935.55, 1962.36, 1970.01, 1948.12, 1945.83, 1971.44,
          1978.21, 1978.96, 1966.22, 1997.32, 1983.34, 1992.78, 2009.08, 2012.74, 2003.07, 1999.30, 1981.93, 1986.04,
          1996.74, 1992.85, 1988.41, 2000.73, 2007.17, 1998.00, 2001.67, 2003.57, 2004.07, 1998.45, 1997.42, 2000.54,
          1998.59, 1991.74, 1992.60, 1986.82, 1980.46, 1972.73, 1958.36, 1958.87, 1947.41, 1935.60, 1935.73, 1933.43,
          1910.35, 1923.03, 1917.29, 1936.34, 1926.62, 1929.80, 1965.14, 1973.21, 1980.03, 1978.25, 1984.60, 1988.07,
          1985.32, 1975.65, 1976.93, 1961.54, 1979.75, 1976.35, 1977.36, 1969.86, 1965.76, 1966.67, 1965.10, 1976.39,
          1984.22, 1975.88, 1973.06, 1962.29, 1960.79, 1956.56, 1959.89, 1949.27, 1961.97, 1962.92, 1960.45, 1957.50,
          1942.73, 1937.15, 1934.84, 1930.80, 1943.35, 1949.37, 1950.34, 1948.97, 1942.41, 1928.52, 1923.06, 1923.07,
          1923.87, 1920.33, 1910.60, 1911.77, 1902.01, 1893.32, 1888.19, 1873.34, 1884.88, 1876.66, 1871.19, 1888.16,
          1897.13, 1896.75, 1880.03, 1875.27, 1877.39, 1868.53, 1883.69, 1879.45, 1885.30, 1884.39, 1877.10, 1870.78,
          1865.00, 1877.72, 1881.97, 1879.32, 1872.57, 1865.79, 1861.73, 1846.01, 1831.45, 1818.18, 1830.65, 1872.28,
          1852.64, 1845.48, 1863.92, 1890.25, 1891.43, 1886.61, 1873.96, 1859.16, 1850.07, 1852.11, 1867.09, 1859.48,
          1867.67, 1874.53, 1860.09, 1872.25, 1858.92, 1842.81, 1845.07, 1869.06, 1866.15, 1878.26, 1877.86, 1878.52,
          1874.18, 1874.05, 1849.23, 1857.68, 1855.12, 1844.90, 1845.79, 1847.66, 1836.78, 1841.07, 1829.24, 1838.90,
          1839.03, 1828.46, 1814.82, 1820.12, 1800.45, 1796.20, 1776.01, 1752.99, 1753.38, 1743.82, 1782.68, 1790.88,
          1777.17, 1790.15, 1783.00, 1791.03, 1826.96, 1842.29, 1844.71, 1841.05, 1844.23, 1847.99, 1840.52, 1821.36,
          1841.26, 1840.06, 1839.00, 1837.90, 1828.71, 1832.31, 1833.21, 1845.86]
